Algorithm: FCFS non-preemptive
Run: 0
Process Time Line: N,N,4,4,4,4,4,4,4,4,4,4,10,10,10,22,22,22,22,22,22,22,9,9,21,21,21,21,21,21,23,23,23,23,23,29,29,29,29,29,29,29,19,19,19,19,19,19,19,19,19,19,0,0,0,0,0,0,25,25,25,25,25,25,25,12,12,6,6,18,18,18,18,18,1,2,2,2,2,2,16,16,16,24,24,24,24,20,20,26,26,26,26,26,26,5,5,5,5,5,5,5,5,5,
Wait Time: 15.65, Response Time: 16.6, Turn Around: 20.26, Throughput: 20
Run: 1
Process Time Line: N,N,19,19,19,19,28,28,28,28,28,25,25,25,17,17,17,17,17,17,17,17,17,7,7,7,7,7,7,7,7,8,8,8,8,8,0,0,0,0,0,0,0,0,27,27,27,27,27,27,27,3,3,3,3,3,3,23,23,23,23,23,24,24,24,24,24,24,24,24,24,6,6,6,6,6,6,6,21,21,21,21,21,2,2,11,11,11,11,11,11,11,11,11,15,15,15,15,15,1,1,1,1,1,1,1,1,1,
Wait Time: 22.41, Response Time: 23.35, Turn Around: 28.09, Throughput: 17
Run: 2
Process Time Line: N,N,N,N,N,N,N,0,0,0,N,N,N,N,N,N,N,28,28,28,28,28,28,28,28,29,4,4,4,4,4,4,4,4,4,4,20,20,20,20,5,5,5,5,5,9,9,9,9,3,3,3,3,3,3,3,10,10,10,10,10,10,10,18,18,18,18,18,18,18,21,21,21,21,21,21,21,21,21,19,19,19,14,14,16,16,16,1,1,1,1,1,26,26,26,26,26,26,26,25,25,25,
Wait Time: 21.71, Response Time: 22.59, Turn Around: 26.38, Throughput: 17
Run: 3
Process Time Line: N,N,N,N,26,26,21,21,21,21,21,21,21,19,19,19,19,19,19,19,27,27,27,27,25,25,25,25,25,25,25,25,25,25,10,10,10,10,10,10,10,10,10,10,15,15,15,15,15,15,13,13,13,13,13,13,13,13,13,13,5,5,5,5,5,5,5,29,29,29,29,28,28,28,28,28,28,28,14,14,14,22,22,22,22,22,22,22,22,22,2,2,2,2,2,2,2,2,4,4,4,4,4,4,4,4,4,4,
Wait Time: 22.27, Response Time: 23.2, Turn Around: 28.66, Throughput: 15
Run: 4
Process Time Line: N,N,N,4,4,4,4,4,4,4,4,4,4,5,5,5,5,5,5,5,5,13,13,8,2,2,16,16,16,16,27,27,N,N,22,22,22,22,22,22,22,22,22,28,28,28,0,0,0,21,21,21,21,21,21,21,21,21,21,7,7,7,1,1,11,11,14,14,14,14,14,14,14,14,14,25,25,25,25,23,23,23,23,19,19,19,19,19,18,20,20,20,20,20,20,24,24,24,24,12,12,12,12,
Wait Time: 10.27, Response Time: 11.18, Turn Around: 14.19, Throughput: 22

Final Statistics:
Wait Time: 18.46, Response Time: 19.38, Turn Around: 23.52, Throughput: 18.2
-----------------------------------------------------------
